2.00000E+07
1.96400E+07
1.73320E+07
1.69050E+07
1.64870E+07
1.56830E+07
1.49180E+07
1.45500E+07
1.41910E+07
1.38400E+07
1.34990E+07
1.28400E+07
1.25230E+07
1.22140E+07
1.16180E+07
1.10520E+07
1.05130E+07
1.00000E+07
9.51230E+06
9.04840E+06
8.60710E+06
8.18730E+06
7.78800E+06
7.40820E+06
7.04690E+06
6.70320E+06
6.59240E+06
6.37630E+06
6.06530E+06
5.76950E+06
5.48810E+06
5.22050E+06
4.96590E+06
4.72370E+06
4.49330E+06
4.06570E+06
3.67880E+06
3.32870E+06
3.16640E+06
3.01190E+06
2.86510E+06
2.72530E+06
2.59240E+06
2.46600E+06
2.38520E+06
2.36530E+06
2.34570E+06
2.30690E+06
2.23130E+06
2.12250E+06
2.01900E+06
1.92050E+06
1.82680E+06
1.73770E+06
1.65300E+06
1.57240E+06
1.49570E+06
1.42270E+06
1.35340E+06
1.28740E+06
1.22460E+06
1.16480E+06
1.10800E+06
1.00260E+06
9.61640E+05
9.07180E+05
8.62940E+05
8.20850E+05
7.80820E+05
7.42740E+05
7.06510E+05
6.72060E+05
6.39280E+05
6.08100E+05
5.78440E+05
5.50230E+05
5.23400E+05
4.97870E+05
4.50490E+05
4.07620E+05
3.87740E+05
3.68830E+05
3.33730E+05
3.01970E+05
2.98490E+05
2.97210E+05
2.94520E+05
2.87250E+05
2.73240E+05
2.47240E+05
2.35180E+05
2.23710E+05
2.12800E+05
2.02420E+05
1.92550E+05
1.83160E+05
1.74220E+05
1.65730E+05
1.57640E+05
1.49960E+05
1.42640E+05
1.35690E+05
1.29070E+05
1.22770E+05
1.16790E+05
1.11090E+05
9.80370E+04
8.65170E+04
8.25030E+04
7.94990E+04
7.19980E+04
6.73790E+04
5.65620E+04
5.24750E+04
4.63090E+04
4.08680E+04
3.43070E+04
3.18280E+04
2.85010E+04
2.70000E+04
2.60580E+04
2.47880E+04
2.41760E+04
2.35790E+04
2.18750E+04
1.93050E+04
1.50340E+04
1.17090E+04
1.05950E+04
9.11880E+03
7.10170E+03
5.53080E+03
4.30740E+03
3.70740E+03
3.35460E+03
3.03540E+03
2.74650E+03
2.61260E+03
2.48520E+03
2.24870E+03
2.03470E+03
1.58460E+03
1.23410E+03
9.61120E+02
7.48520E+02
5.82950E+02
4.54000E+02
3.53570E+02
2.75360E+02
2.14450E+02
1.67020E+02
1.30070E+02
1.01300E+02
7.88930E+01
6.14420E+01
4.78510E+01
3.72660E+01
2.90230E+01
2.26030E+01
1.76040E+01
1.37100E+01
1.06770E+01
8.31530E+00
6.47600E+00
5.04350E+00
3.92790E+00
3.05900E+00
2.38240E+00
1.85540E+00
1.44500E+00
1.30000E+00
1.12530E+00
1.08000E+00
1.04000E+00
1.00000E+00
8.76430E-01
8.00000E-01
6.82560E-01
6.25060E-01
5.31580E-01
5.00000E-01
4.13990E-01
3.66800E-01
3.25000E-01
2.75000E-01
2.25000E-01
1.84000E-01
1.50000E-01
1.25000E-01
1.00000E-01
7.00000E-02
5.00000E-02
4.00000E-02
3.00000E-02
2.10000E-02
1.45000E-02
1.00000E-02
5.00000E-03
2.00000E-03
5.00000E-04
1.00000E-05